RESURS P1               
1 39186U 13030A   13199.16514422 -.00000077  00000-0  00000+0 0   740
2 39186  97.2796 271.6180 0011746 198.5976 245.2854 15.33475281  3459
SL-4 R/B                
1 39187U 13030B   13199.22814492  .00125647  70834-5  40832-3 0   487
2 39187  97.2965 272.9381 0134647 334.3697  25.0932 15.77525789  3549
O3B FM5                 
1 39188U 13031A   13198.77772656 -.00000017  00000-0  00000+0 0   131
2 39188   0.0317 352.2119 0002063 105.4904 262.3206  5.00109944  1115
O3B FM4                 
1 39189U 13031B   13196.82862192 -.00000015  00000-0  10000-3 0   123
2 39189   0.0358 345.1152 0002223  37.5935 337.3007  5.00119625  1014
O3B FM2                 
1 39190U 13031C   13195.92910962 -.00000015  00000-0  10000-3 0    90
2 39190   0.0304 350.0133 0002193 115.3648 254.6451  5.00115131   968
O3B PFM                 
1 39191U 13031D   13196.07908873 -.00000015  00000-0  00000+0 0   147
2 39191   0.0338 346.2767 0001895 100.7763 272.9679  5.00116216   971
FREGAT R/B              
1 39192U 13031E   13196.04505763 -.00000012  00000-0  00000+0 0   121
2 39192   0.0963 120.6599 0010663   6.2544 233.1832  5.20986217  1006
COSMOS 2487             
1 39194U 13032A   13199.85854031  .00004903  00000-0  21201-3 0   718
2 39194  74.7360 173.5560 0002696 241.4151 118.7294 15.22384532  3227
SL-27 R/B               
1 39195U 13032B   13198.86926762  .00002785  00000-0  12155-3 0   253
2 39195  74.7306 175.5294 0003873 234.3158 125.7690 15.22601747  3071
IRIS                    
1 39197U 13033A   13199.14519758  .00000537  00000-0  84882-4 0   251
2 39197  97.9009  26.5953 0029897 115.4878 244.9425 14.75993515  2959
PEGASUS R/B             
1 39198U 13033B   13199.12890645  .00000735  00000-0  11061-3 0   244
2 39198  97.9099  26.6390 0024723 111.8667 248.5173 14.77195994  2951
IRNSS-1A                
1 39199U 13034A   13199.92483584  .00000109  00000-0  10000-3 0   128
2 39199  27.0265 140.8783 0019306 184.5552 359.4835  1.00268323   377
PSLV R/B                
1 39200U 13034B   13199.65818041  .00003234  00000-0  64328-3 0   169
2 39200  17.7885 129.3162 6077751 203.1959 110.1921  3.92644858   631
2013-035A               
1 39202U 13035A   13199.11377202 -.00000910  00000-0 -18390-3 0   171
2 39202  98.1028 352.1151 0011216 204.9974 155.0673 14.59034967   397
2013-035B               
1 39203U 13035B   13199.26110167 -.00008868  00000-0 -20731-2 0   163
2 39203  98.1437 352.2944 0050835 264.1004  95.4409 14.53714030   412
2013-035C               
1 39204U 13035C   13198.58087983  .00004058  00000-0  10194-2 0    74
2 39204  98.2940 351.5634 0109157 218.7400 140.5930 14.48272924   313
2013-035D               
1 39205U 13035D   13199.20806966  .00000448  00000-0  12866-3 0    62
2 39205  97.8866 352.1277 0114807 210.9871 148.4522 14.45502243   401
