ISS (ZARYA)             
1 25544U 98067A   13204.21522850  .00011490  00000-0  20886-3 0  2439
2 25544  51.6508 289.8078 0004348 213.7502 187.7929 15.50017069840298
TIANGONG 1              
1 37820U 11053A   13204.23249772  .00049297  00000-0  38205-3 0  1248
2 37820  42.7774 140.8191 0006101 131.3898  14.6033 15.71018592104324
RAIKO                   
1 38852U 98067CN  13204.18335877  .00497785  11928-3  92725-3 0  2926
2 38852  51.6291 259.4249 0006768  19.5524 340.5744 16.00410989 45598
FITSAT-1 (NIWAKA)       
1 38853U 98067CP  13184.86912902  .06638326  12312-4  50483-3 0  3153
2 38853  51.6252 351.6077 0011722 245.9321 114.2104 16.39337660 42708
SHENZHOU 10 (SZ-10)     
1 39179U 13029A   13176.54655719  .00068135  00000-0  38205-3 0   236
2 39179  42.7763 308.1568 0003627 134.4152 276.9852 15.78373574  2202
